# Volume(a.u.^3)   Energy(Ry)
151.1242        -448.56171790  
152.7383        -448.56553267  
154.3640        -448.56899708  
156.0011        -448.57212072  
157.6497        -448.57491407  
159.3100        -448.57738697  
160.9818        -448.57954965  
162.6653        -448.58141174  
164.3605        -448.58298259  
166.0674        -448.58427181  
167.7861        -448.58528881  
169.5167        -448.58604245  
171.2590        -448.58654149  
173.0133        -448.58679398  
174.7795        -448.58680741  
176.5577        -448.58658970  
178.3480        -448.58614824  
180.1502        -448.58548978  
181.9646        -448.58462064  
183.7912        -448.58354805  
185.6299        -448.58227814  
187.4808        -448.58081678  
189.3440        -448.57917067  
191.2195        -448.57734586  
193.1073        -448.57534860  
