# i   Volume(a.u.^3)   Energy(Ry)   Pressure(kbar)
0    151.1242         -448.56171790    363.25         
1    152.7383         -448.56553267    328.73         
2    154.3640         -448.56899708    294.87         
3    156.0011         -448.57212072    262.33         
4    157.6497         -448.57491407    231.92         
5    159.3100         -448.57738697    202.83         
6    160.9818         -448.57954965    175.49         
7    162.6653         -448.58141174    147.39         
8    164.3605         -448.58298259    121.67         
9    166.0674         -448.58427181    97.46          
10   167.7861         -448.58528881    73.50          
11   169.5167         -448.58604245    51.31          
12   171.2590         -448.58654149    29.45          
13   173.0133         -448.58679398    9.58           
14   174.7795         -448.58680741    -10.44         
15   176.5577         -448.58658970    -28.80         
16   178.3480         -448.58614824    -46.66         
17   180.1502         -448.58548978    -63.91         
18   181.9646         -448.58462064    -80.16         
19   183.7912         -448.58354805    -95.45         
20   185.6299         -448.58227814    -110.09        
21   187.4808         -448.58081678    -124.30        
22   189.3440         -448.57917067    -137.91        
23   191.2195         -448.57734586    -150.65        
24   193.1073         -448.57534860    -162.79        
